1.513419
-0.609949
-3.158173
-2.980412
0.640187
2.130393
2.350915
1.093449
-1.007011
-3.039971
-1.784032
1.290453
2.480113
2.248290
0.241903
-2.209194
-3.273016
-1.025948
1.610241
2.638327
1.796555
-0.594677
-2.665205
-3.195741
-1.260826
1.826182
2.891531
1.713477
-0.351858
-2.309681
-2.721099
-0.335365
1.810605
2.408336
0.916603
-1.092227
-2.816700
-2.463925
-0.071471
2.045177
3.086397
1.910176
-0.825890
-2.828001
-2.430022
0.243124
2.387731
2.820670
1.083064
-1.381166
-2.938567
-1.514946
1.157284
1.936137
1.985007
-0.031765
-2.180789
-3.060129
-2.050369
1.375669
2.766609
2.420248
-0.795652
-2.101377
-2.447126
0.060170
2.785851
3.560123
1.324050
-1.360397
-3.440698
-2.285247
1.372003
2.602897
2.099238
-0.413861
-2.726597
-3.258661
-0.515570
2.229658
3.086091
1.687515
-1.357953
-2.714685
-2.323731
0.599259
2.615420
3.452916
1.197296
-1.588861
-3.206737
-2.090075
0.896750
2.480418
2.744007
1.014647
-1.532661
-3.387248
-1.749518
0.990823993
2.160
1.934610
-0.362243
-2.232713
-2.571437
0.085521
2.120619
2.522263
0.911411
-1.469742
-2.581211
-0.813367
1.020121
2.097406
1.364978
-0.905302
-0.421311
-1.820684
0.311847
1.790751
1.819157
-0.503658
-1.876273
-1.366506
0.773050
1.783116
1.232421
-0.372322
-1.925447
-2.034487
0.216857
2.105347
2.149024
0.458760
-1.381777
-2.241265
-0.846354
1.517084
2.124589
0.441656
-1.538464
-2.341446
-1.512197
0.813062
2.443461
2.489581
-0.084299
-1.868026
-1.942551
0.324980
2.071139
2.560442
0.895528
-1.153008
-2.208583
-2.145359
-0.041233
1.856725
2.644436
0.047342
-2.043344
-2.515543
-1.520138
1.145372
2.936735
2.372295
-0.002138
-1.664302
-1116.244
-1.321912
1.340544
2.512794
2.912145
-0.373544
-2.384512
-2.611754
0.167377
2.071749
2.317317
0.514959
-1.802052
-2.738509
-0.590401
2.021658
2.702773
2.039374
-0.828333
-3.021950
-2.968500
-0.407447
1.509143
2.652988
1.398881
-1.182635
-2.812118
-1.285871
1.870469
2.571132
1.988366
-0.464258
-2.509740
-1.895515
1.165226
2.289828
1.896126
-0.367130
-2.573270
-2.911078
-0.617585
1.477072
2.984993
1.972789
-0.270002
-2.814256
-3.005152
-0.251066
2.143831
3.162449
1.663386
-0.997543
-2.645963
-2.28055
00.389427
2.199420
2.058311
-0.214414
-1.803580
-2.281582
-0.962724
0.867356
2.050369
2.471561
0.526871
-1.295034
-2.165823
-0.934013
0.998765
2.369241
1.875662
-0.228464
-1.851227
-2.920547
-0.817338
1.478905
2.357940
1.405906
-0.661567
-2.189952
-1.106277
0.888503
1.640479
2.023186
0.545503
-1.978287
-3.067154
-1.068403
1.060768
2.297770
2.376571
0.071777
-1.848173
-2.363438
-0.573297
1.136820
2.286469
1.330464
-1.436450
-2.286163
-1.430952
0.554360
1.937665
1.930640
-0.636827
-2.179262
-2.016466
-0.346361
1.791668
2.737593
0.429133
-1.815797
-2.566245
-1.411099
0.983493
2.411391
1.791057
-0.103542
-1.590082
-2.164907
-1.337795
0.426689
2.418416
3.127935
1.583974
-0.777631
-2.532953
-3.251330
-1.966681
1.760208
3.520111
3.244000
0.753197
-0.766025
-1.426370
-1.449278
-1.404379
1.489900
3.565926
2.877786
0.021380
-2.601980
-2.287690
-2.019215
-0.705549
3.956880
4.283082
1.529301
-0.940732
-1.202794
-0.979828
-0.621675
-1.032057
2.420859
1.811521
0.049480
-0.808786
-1.755321
-1.697595
-0.771217
0.810007
3.048828
1.718058
-0.820697
-1.237308
-2.238516
-0.627053
1.008538
3.032335
1.014342
-0.957226
-1.344514
-1.335046
-0.258396
1.282512
2.372906
0.723264
-0.357051
-1.140791
-2.251344
-1.525636
0.305127
1.859779
1.469742
0.406836
1.171029
-0.631024
-1.960877
-0.696997
0.475559
1.160033
1.447445
0.236710
-0.191201
-1.668273
-1.367727
-0.311236
1.438893
2.033265
0.122478
-0.333838
0.235489
0.363770
1.545184
2.964224
1.218065
0.011301
-1.671940
-1.126741
0.527788
2.477975
2.025324
-0.790460
-2.039068
-2.392759
-0.561080
1.491428
2.519208
0.994489
-1.290758
-2.128560
-1.495093
0.234572
1.597107
2.154216
0.295353
-2.003027
-2.138334
-1.451416
-0.054367
1.247998
2.329840
0.359189
-1.344209
-1.480432
-1.186606
0.256258
1.803274
2.043344
0.324980
-1.394300
-1.580003
-1.157284
0.824668
1.749518
1.742188
-0.114537
-1.382388
-1.554958
-1.276708
0.494190
1.805412
1.514946
-0.730595
-1.751656
-1.402852
-0.891252
0.852462
1.769677
1.159117
-0.772134
-1.412626
-1.068403
-0.002443
1.608714
1.720502
-0.015882
-0.927599
-0.454789
0.040317
1.179886
1.820989
0.668287
-1.084591
-1.346042
-0.550695
0.587958
1.376279
0.877813
-0.601397
-1.337489
-1.125519
0.301462
1.626734
1.375974
-0.602924
-1.359481
-1.089478
-0.358578
0.618196
1.239446
0.777326
-0.955393
-1.288315
-0.861320
0.000000
1.373531
1.999056
1.036333
-0.694859
-1.261742
-1.371087
0.154243
1.711339
1.432479
-0.932791
-1.849395
-1.342682
-0.707077
0.695776
1.769982
1.448972
-0.390343
-1.394911
-1.304503
-0.187536
1.287093
1.631621
0.357051
-1.024726
-0.949285
-0.751975
0.103847
1.350623
1.643838
-0.068111
-1.079704
-1.163087
-0.721737
0.166766
0.789238
-0.079718
-0.647212
-0.803593
-0.967000
0.190285
1.363757
1.610241
0.431271
-0.615447
-1.075123
-0.664300
0.422108
1.346042
0.375988
-0.217468
-0.514043
-0.972192
-0.144470
1.203405
1.630399
0.324980
-0.579406
-1.124908
-0.847270
0.191506
1.328632
1.333824
0.172264
-0.683253
-1.327105
-0.826501
0.507324
1.618487
1.171334
-0.447764
-1.375363
-1.402852
-0.079412
1.388802
1.449583
-0.631024
-1.218371
-0.716545
-0.017410
1.102917
1.629483
0.263283
-1.105361
-1.421789
-0.897361
0.706771
1.982563
1.269073
-0.787100
-1.362229
-1.273349
0.272446
2.047926
2.301740
0.511600
-0.854600
-1.791362
-1.375363
0.453262
1.783116
1.160033
-0.862847
-1.978898
-1.521971
-0.200364
1.625207
1.724167
-0.727540
-2.214386
-1.574505
-0.050702
1.861306
2.784629
0.313068
-1.641089
-2.322815
-0.870788
1.041831
2.311820
0.265726
-2.304489
-2.618779
-0.259923
0.932180
2.235767
1.625207
-1.029919
-2.660318
-1.288315
0.549473
2.045177
2.522873
0.750143
-1.460273
-1.809077
-0.813062
1.488373
2.326480
0.834136
-1.613295
-2.078469
-0.990823
1.121854
2.183843
0.619723
-1.302976
-1.814575
-0.622472
1.173778
1.954463
0.882700
-1.092838
-1.604132
-0.771828
0.794125
2.114510
1.544267
-0.389732
-1.315804
-1.494482
0.080634
1.992032
1.674382
-0.412334
-1.492344
-1.761430
0.446543
2.900388
2.919019
1.211651
-0.500604
-2.337476
-3.198490
-1.399798
1.258382
2.809064
2.118157
-0.069639
-0.869567
-1.696067
-2.291050
-1.164004
-0.096517
0.349720
0.982882
1.965459
1.050688
-0.676839
-1.806634
-1.904372
0.553749
3.267518
2.477059
-0.150273
-1.315498
-1.811215
-.0658207
2.231796
2.381458
-0.460898
-1.788308
-1.958129
-0.230907
1.328326
2.079691
0.423330
-1.191493
-1.944079
-0.901637
0.768163
1.826792
1.193936
-0.559247
-1.758681
-1.022588
0.467617
1.390024
0.703106
-0.842994
-1.460273
-0.426384
1.035417
1.572673
0.390954
-1.134682
-1.103223
-0.029627
1.086729
1.377501
0.268475
-0.759100
-0.719294
0.528093
1.304197
0.988991
-0.494190
-2.021048
-0.990213
1.081842
2.70099
1.1491037
-1.160949
-1.859779
-0.386372
1.059851
1.740050
0.636216
-1846.599
-1.794111
-0.183260
1.033584
1.648420
0.792292
-1.386359
-1.652696
-0.388205
0.798095
1.706147
0.913549
-0.958142
-1.940108
-1.041831
0.211359
1.156979
1.539380
0.639576
-0.817032
-1.637730
-1.065960
-0.216857
1.211651
1.827709
0.173180
-1.121854
-1.691791
-0.583682
1.086729
2.236989
1.442253
-0.044288
-1.288620
-1.629178
-0.944703
-0.114843
0.923628
1.534493
0.706466
0.108734
-0.819170
-1.417207
-1.246471
-1.116662
-0.874454
-0.142637
1.185079
2.146886
2.075109
0.981050
-0.518930
-2.307544
-1.879327
-0.042150
1.461801
1.879632
0.923628
-0.268764
-1.707368
-1.358794
0.322842
1.913841
1.703398
-0.206472
-1.214095
-1.730581
-1.090394
0.707382
2.013106
1.077261
-0.658207
-1.673465
-1.798082
-0.461203
0.997543
1.694235
0.907746
-1.080315
-1.881160
-1.562899
-0.207694
1.344209
2.083967
0.597121
-0.664621
-1.554958
-1.044885
0.326507
1.406517
1.310917
0.038790
-1.231199
-1.685072
-1.085508
0.510989
2.042123
2.199726
0.563218
-1.012509
-2.047009
-0.959364
1.331686
2.266615
1.792279
0.299324
-0.868956
-1.735468
-0.927599
0.855517
1.949576
1.191798
-0.422108
-1.279763
-1.578170
-0.788322
1.124908
2.110234
0.715629
-0.833526
-1.258993
-1.623069
-0.079718
1.698816
1.812437
0.264505
-0.731206
-1.304808
-1.486846
0.016799
1.471574
2.088243
0.974941
-0.561080
-1.873524
-1.783421
0.317344
1.565037
1.663386
-0.061392
-1.196685
-1.740355
-1.267545
0.788322
2.065030
1.488679
0.096517
-1.300532
-1.965764
-0.889114
1.269989
2.273030
1.724167
-0.681115
-1.902845
-2.258369
-0.738231
1.566869
2.189646
0.748310
-1.053437
-1.643838
-1.191798
0.805731
1.991421
1.743104
-0.750448
-1.710117
-1.099863
-0.188147
1.387580
2.233323
0.888809
-1.220814
-1.716837
-1.230893
-0.045509
1.860390
2.451708
0.009774
-2.052813
-1.960572
-0.801150
1.040303
2.285247
1.212727
-0.802066
-2.071749
-1.343904
-0.114537
1.636203
2.396730
0.761444
-1.463022
-2.181094
-1.410182
0.169515
1.737912
2.441628
1.121854
-1.508532
-2.132836
-1.621542
-0.149051
1.362840
2.080302
1.527163
-0.754113
-1.711034
-1.415986
-0.939205
0.928210
1.915368
1.884519
-0.728457
-1.989894
-1.172556
-0.268475
1.528385
2.681087
1.100779
-1.544878
-2.578768
-1.056797
0.609949
2.138945
2.033570
-0.005498
-2.094657
-2.311514
-0.975552
-0.047647
1.539991
2391.423
0.351553
-1.430646
-1.940413
-1.506088
-0.094684
1.724167
2.390927
0.631024
-1.561066
-1.979509
-0.892474
0.514349
2.090686
1.830458
0.139277
-1.927280
-1.826182
-0.645379
1.002124
2.251344
1.592220
-0.432493
-1.542129
-1.364978
-0.212276
1.219287
1.946522
0.416305
-1.042747
-1.737301
-0.975552
0.436158
1.825876
1.572978
-0.276111
-1.413237
-1.333519
-0.220828
1.083675
1.472796
-0.144470
-1.567480
-1.482265
-0.583987
0.896139
1.534493
-0.235489
-1.677131
-1.830763
0.113926
2.588236
3.280652
1.236697
-1.107193
-2.743396
-1.96209
9-0.524733
1.025337
2.581517
2.221106
-0.499382
-1.765095
-1.365589
-0.894001
1.014342
2.444683
1.007011
-1.419651
-2.585487
-1.209819
-0.291077
1.811521
2.875648
0.266643
-2.273640
-2.854268
-0.873537
0.107512
2.123368
Processing Data
Computing Complex Magnitude
Getting Maximum energy bin
23.721724
41.314585
13.815363
4.414897
15.023843
4.904288
7.861061
11.672230
6.840909
6.631623
2.684584
11.054602
12.276469
18.008173
17.728838
11.414294
20.816542
10.237518
18.641394
5.950958
11.629868
8.269594
0.517470
8.457281
1.902888
3.486006
12.776563
13.836396
32.375221
20.196331
7.154551
20.691095
17.020580
16.801876
8.666488
5.779602
19.579666
15.119130
18.977882
306522.4
6.911196
6.916279
3.457598
9.338818
18.425919
12.745396
18.652330
16.117447
6.131522
14.834724
17.732126
25.150871
8.737000
13.969704
29.600145
19.876228
21.864691
1.998683
4.973164
17.637764
33.855762
11.135289
13.218632
6.979666
11.511918
15.863725
14.364595
4.650452
11.399613
11.968464
9.632878
10.964660
8.284665
6.568221
30.744310
26.633806
19.358664
16.594084
11.107634
8.136633
27.995548
18.005962
12.528746
15.640863
10.453297
22.041281
17.482014
22.292091
21.046837
9.398866
13.246655
16.689383
24.372614
14.416044
25.878952
24.493395
28.642899
14.695
7377839097
7.114827
28.853186.
23.057568
159731.4303
19.965
410.459918
29.078629
2.983493
32.212387
37.623783
10.900306
51.418762
46.028641
44.133205
37.351364
41.471615
25.861029
49.886322
52.664085
38.949421
22.812714
44.921478
56.254620
47.234299
48.678371
19.510122
42.639488
56.340332
45.129345
29.483868
97.864273
8.023908
14.759315
96.891182
6.7240028
95.959351
131.239471
115.505211
36.880955
151.695740
66.241013
41.784252
135.050079
60.540947
155.282257
65.577385
193.340271
99.924698
86.129143
211.957260
79.306900
102.583260
316.562714
423.017609
260.994385
344.213165
258.938324
298.755524
315.901093
157.067749
64.303726
198.553802
175.488632
91.704910
35.012749
93.904198
87.630562
122.277390
133.090790
123.862900
53.374237
143.523010
84.333244
100.047325
54.550018
67.927231
43.544453
56.351898
46.501831
30.928869
54.660191
20.381523
29.571947
27.010195
5.914483
17.102964
22.121046
24.843300
11.976411
32.657017
23.165556
30.548641
25.744944
38.651970
17.043106
28.403263
16.792643
10.054948
19.518579
12.406117
10.841541
1.641423
17.170925
2.101955
27.485550
14.373891
18.317404
24.894680
5.845646
25.328197
3.972545
6.043368
6.581676
15.963681
18.525955
14.549050
13.315843
2.783026
6.015718
1.492755
9.894761
18.929470
13.019665
6.219221
8.687382
7.299719
0.768070
4.677323
9.306957
11.818787
2.622772
10.780075
2.832726
5.596229
11.892212
10.003077
6.155605
10.258439
9.649222
2.460509
8.669406
6.297215
15.440918
12.673725
9.277777
9.693416
1.590082
6.222806
9.201380
10.910262
12.403079
8.050320
14.313986
27.355539
14.745738
12.089296
16.744137
8.884141
11.149207
18.226030
22.456188
12.037784
28.152342
28.317495
18.230267
5.304585
15.306265
6.116542
15.228638
16.942533
4.342819
15.042056
15.220620
10.528326
9.323774
18.997841
22.157238
13.785892
17.385807
11.971189
19.029333
8.978299
28.616798
17.889271
11.380844
23.149862
18.961632
10.996251
17.897371
7.807524
3.616829
13.817160
19.026953
2.363003
31.235327
26.900808
16.022264
20.352310
29.692955
19.839117
10.531274
8.944129
34.471840
14.765282
17.103674
4.121296
12.701755
9.155953
11.971280
19.278131
5.478121
19.093157
20.607286
34.178631
23.212507
8.557462
25.771366
15.207702
8.502958
12.675283
14.131543
12.728674
19.011200
10.708646
14.102608
4.155506
16.611704
177771903.019
8.77
11.795193
8.924979
1.096990
3.778748
9.772416
6.704014
8.066885
18.405523
9.158615
13.884368
14.198206
13.892072
20.535286
7.143806
2.864100
12.128419
6.393976
9.120107
9.203853
8.224833
8.222836
1.685806
9.264085
4.365132
4.293561
10.111423
3.739259
8.940748
6.565714
1.707592
3.292259
5.157740
3.60772867292079
1.31
6.59
3.566106
5.432182
7.740636
11.564955
8.910507
2.457116
4.862800
6.173475
6.761391
2.229765
7.039596
6.807176
3.056984
7.329715
9.444971
13.269341
6.283685
5.689441
9.551425
8.522232
8.216290
13.152702
7.441859
10.730403
9.254017
8.494818
3.623157
8.829400
5.450080
1.500896
3.852016
3.198157
8.496923
4.030445
3.500206
4.301129
3.721966
6.686623
2.004566
5.141905
4.659209
8.234884
4.159195
7.116944
7.428524
2.528691
8.839828
1.019897
5.857065
0.502141
7.048787
7.179057
2.922996
4.239957
1.744969
4.369669
0.985156
4.972126
4.851079
3.416585
4.924862
4.564397
8.653811
2.622771
6.815640
6.753016
5.316376
4.719936
4.635327
8.460574
7.482773
1.165931
10.737233
5.504523
8.222210
5.371768
8.073301
5.239477
3.668298
5.165186
9.017902
3.821638
0.891654
6.920403
12.695640
9.070674
12.481371
10.270401
11.775928
12.150344
10.821574
1.736321
6.688392
5.645592
7.720834
1.894841
5.381714
3.614942
6.199323
5.027235
9.706243
17.661816
9.387178
7.789741
5.716067
6.337435
0.608073
6.650803
4.643050
5.864917
7.581205
9.024299
4.758885
2.204090
3.540385
3.541357
3.889348
3.084205
3.878018
1.459009
3.405669
3.088414
3.482155
7.952449
10.896774
9.533678
2.704940
4.188069
4.804921
8.491184
3.538662
2.303723
5.191838
3.564385
7.047483
2.548872
3.079443
3.139099
3.132691
1.637570
9.744328
2.753335
3.962404
1.379402
5.482173
5.519832
7.710442
5.425985
6.297094
1.207079
6.297091
5.425982
7.710438
5.519833
5.482173
1.379407
3.962399
2.753329
9.744328
1.637574
3.132690
3.139100
3.079447
2.548872
7.047477
3.563484
5.191832
2.303721
3.538659
8.491175
4.804921
4.188068
2.704939
9.533674
10.896773
7.952428
3.482146
3.088414
3.405659
1.459005
3.878020
3.084204
3.889349
3.541359
3.540386
2.204086
4.758885
9.024305
7.581208
5.864914
4.643054
6.650799
0.680074
6.337439
5.716072
7.789739
9.387181
17.661819
9.706243
5.027237
6.199327
3.614941
5.381713
1.894841
7.720830
5.645595
6.688401
1.736319
10.821577
12.150342
11.775921
10.270405
12.481382
9.070675
12.695641
6.920403
0.891648
3.821640
9.017902
5.165180
3.668309
5.239475
8.073302
5.371761
8.222211
5.504523
10.737227
1.165931
7.482771
8.460574
4.635323
4.719938
5.316383
6.753017
6.815640
2.622769
8.653808
4.564399
4.924863
3.416579
4.851070
4.97
0.9852122154
4.369670
1.744972
4.239959
2.923002
7.179055
7.048793
0.502138
5.857070
1.019900
8.839820
2.528715
7.428546
7.116940
4.159197
8.234896
4.659208
5.141904
2.004574
6.686623
3.721970
4.301126
3.500202
4.030451
8.496928
3.198160
3.852015
1.500891
5.450082
8.829397
3.623157
8.494818
9.254018
10.730402
7.441860
13.152702
8.216295
8.522234
9.551415
5.689438
6.283680
13.269337
9.444968
7.329711
3.056990
6.807178
7.039592
2.229768
6.761394
6.173473
4.862803
2.457116
8.910504
11.564952
7.740636
5.432185
3.566101
6.520792
1.672306
3.607711
5.157733
3.292256
1.707589
6.562
8.957940750
3.739264
10.111429
4.293556
4.126
3659.264084
1.685802
8.222832
8.224844
9.203844
9.120106
6.393972
12.128423
2.864111
7.143815
20.535284
13.892071
14.198206
13.884369
9.158617
18.405521
8.066887
6.704007
9.772416
3.778749
1.096995
8.924977
11.795195
8.777190
13.019772
16.611710
4.155507
14.102618
10.708642
19.011208
12.28674
14.131543
12.675283
8.7502969
15.207695
25.771357
8.557466
23.212498
34.178627
20.607288
19.093153
5.478121
19.278130
11.971280
9.155951
12.701754
4.121294
17.103672
14.765281
34.471840
8.944132
10.531273
19.839121
29.692963
20.352310
16.022270
26.900801
31.235323
2.363002
19.026937
13.817160
3.616823
7.80752
7.8973723
110.996245
18.641
91623.149855
11.380833
17.889280
28.616793
8.978297
19.029329
11.971189
17.385809
13.785896
22.157236
18.997843
9.323779
10.528326
15.220624
15.042050
4.342825
16.942530
15.228634
6.116534
306251.69
5.304576
18.230272
28.317495
28.152340
12.037786
22.456190
18.226028
11.149208
8.884141
16.744139
12.089297
14.745733
27.355539
14.313982
8.050323
12.403078
10910262
9..201378
6.222804
1.590084
9.693415
9.277774
12.673724
15.440922
6.297214
8.669412
2.460507
9.649219
10.258439
6.155598
10.003080
11.892217
5.596226
2.832724
10.780084
2.622782
11.818788
9.306956
4.677321
0.768067
7.299714
8.867374
6.219217
13.019661
18.929478
9.894766
1.492762
6.015714
2.783027
13.315840
14.549053
18.525957
15.963675
6.581671
6.043365
3.972544
25.328197
5.845642
24.894680
18.317406
14.373891
27.485550
2.101958
17.170931
1.641426
10.841545
12.406122
19.518585
10.054953
16.792646
28.403263
17.043100
38.651966
25.744949
30.548643
23.165558
32.657017
11.976412
24.843290
22.121042
17.102961
5.914478
27.010193
29.571947
20.381527
54.660198
30.928867
46.501831
56.351906
43.544449
67.927238
54.550018
100.047325
84.333237
143.523010
53.374237
123.862907
133.090805
122.277390
87.630562
93.904198
35.012753
91.704903
175.488647
198.553818
64.303726
157.067719
315.901093
298.755524
258.938324
344.213165
260.994385
423.017700
316.562775
102.583275
79.306915
211.957260
86.129143
99.924690
193.340271
65.577385
155.282257
60.540951
135.050079
41.784252
66.241005
151.695740
36.880955
115.505196
131.239471
95.959351
6.724030
96.891182
104.759300
8.023909
97.864265
29.483868
45.129341
56.340328
42.639496
19.510128
48.678368
47.234306
56.254612
44.921478
22.812717
38.949425
52.664085
49.886322
25.861027
4.471619
37.3513153
44.133209
46.028637
51.418762
10.900314
37.623791
32.212379
2.983495
29.078623
19.965935
31.434107
10.459583
23.057558
28.853193
7.114835
7.839089
14.695773
28.642891
24.493385
25.878954
14.416050
24.372614
16.689383
13.246653
9.398863
21.046837
22.292088
17.482010
22.041279
10.453299
15.640862
12.528742
.00518960
27.995548
8.136626
11.107634
16.594095
19.358662
26.633802
30.744314
6.568214
8.284663
10.964667
9.632880
11.968467
11.399616
4.650448
14.364594
15.863722
11.511920
6.979672
13.218628
11.135289
33.855755
17.637762
4.973166
1.998687
21.864693
19.876225
29.600149
13.969699
8.737005
25.150867
17.732122
14.834726
6.131520
16.117447
18.652334
12.745399
18.425911
9.338820
3.457599
6.916275
6.911198
2.306533
18.977882
15.119132
19.579660
5.779605
8.666491
16.801878
17.020580
20.691095
7.154545
20.196325
32.375217
13.836402
12.776556
3.486001
1.902884
8.457
8520.517469
8.269601
11.629868
5.950961
18.36149
20.816542
11.4143014
10.237521
17.728836
18.008173
12.276473
11.054600
2.684586
6.631613
6.840910
11.672220
7.861061
4.904288
15.023845
4.414896
13.815360
14.341586
Max Val: 423.017700
Max Index: 872
Frequency: 21
